{
  "nodes": {
    "root": {
      "parent": null,
      "translation": [
        0.0,
        0.0,
        0.0
      ],
      "is_bone": true,
      "index": 0
    },
    "pelvis": {
      "parent": "root",
      "translation": [
        -2.792581290123053e-05,
        -2.441410779953003,
        92.42095184326172
      ],
      "is_bone": true,
      "index": 1
    },
    "spine_01": {
      "parent": "pelvis",
      "translation": [
        -2.7902251123948088e-05,
        -2.4459170172384814,
        96.29172871446417
      ],
      "is_bone": true,
      "index": 2
    },
    "spine_02": {
      "parent": "spine_01",
      "translation": [
        -2.8033966086636796e-05,
        -3.962849958313959,
        102.86076215523822
      ],
      "is_bone": true,
      "index": 3
    },
    "spine_03": {
      "parent": "spine_02",
      "translation": [
        -2.8082876778219522e-05,
        -4.6947811833412745,
        110.21693284413666
      ],
      "is_bone": true,
      "index": 4
    },
    "spine_04": {
      "parent": "spine_03",
      "translation": [
        -2.795086009274104e-05,
        -4.056318720549755,
        119.76892982710525
      ],
      "is_bone": true,
      "index": 5
    },
    "spine_05": {
      "parent": "spine_04",
      "translation": [
        -2.7540843592830764e-05,
        -1.2438429063794239,
        132.60698009689307
      ],
      "is_bone": true,
      "index": 6
    },
    "neck_01": {
      "parent": "spine_05",
      "translation": [
        -2.7256979996735537e-05,
        1.2172849821123917,
        148.53572247384122
      ],
      "is_bone": true,
      "index": 7
    },
    "neck_02": {
      "parent": "neck_01",
      "translation": [
        -2.7364080003717146e-05,
        0.07531540970283213,
        153.75989966282984
      ],
      "is_bone": true,
      "index": 8
    },
    "head": {
      "parent": "neck_02",
      "translation": [
        -2.744899640802767e-05,
        -1.016621047248443,
        159.18128728273066
      ],
      "is_bone": true,
      "index": 9
    },
    "clavicle_l": {
      "parent": "spine_05",
      "translation": [
        1.1366301363194875,
        1.5579226915092104,
        142.3727548413099
      ],
      "is_bone": true,
      "index": 10
    },
    "upperarm_l": {
      "parent": "clavicle_l",
      "translation": [
        16.585352858960114,
        1.9066540803128667,
        140.2231153820171
      ],
      "is_bone": true,
      "index": 11
    },
    "lowerarm_l": {
      "parent": "upperarm_l",
      "translation": [
        33.411468811939656,
        1.1585345287750655,
        118.17731885576454
      ],
      "is_bone": true,
      "index": 17
    },
    "hand_l": {
      "parent": "lowerarm_l",
      "translation": [
        46.508462907919686,
        -14.879995866837257,
        102.48497771860742
      ],
      "is_bone": true,
      "index": 18
    },
    "clavicle_r": {
      "parent": "spine_05",
      "translation": [
        -1.1366844581728535,
        1.5579234881641213,
        142.37283931173332
      ],
      "is_bone": true,
      "index": 141
    },
    "upperarm_r": {
      "parent": "clavicle_r",
      "translation": [
        -16.585417644699085,
        1.906656381014635,
        140.22320550677472
      ],
      "is_bone": true,
      "index": 142
    },
    "lowerarm_r": {
      "parent": "upperarm_r",
      "translation": [
        -33.411468436987484,
        1.1585423723755817,
        118.17753188038385
      ],
      "is_bone": true,
      "index": 148
    },
    "hand_r": {
      "parent": "lowerarm_r",
      "translation": [
        -46.507146566795484,
        -14.87842748800858,
        102.48687431926344
      ],
      "is_bone": true,
      "index": 149
    },
    "thigh_l": {
      "parent": "pelvis",
      "translation": [
        11.036996610837312,
        -2.710077277778696,
        91.81044146163472
      ],
      "is_bone": true,
      "index": 309
    },
    "calf_l": {
      "parent": "thigh_l",
      "translation": [
        13.034740804503024,
        -1.8277645882067342,
        49.1122771025273
      ],
      "is_bone": true,
      "index": 310
    },
    "foot_l": {
      "parent": "calf_l",
      "translation": [
        14.837518534734713,
        -0.2539257463195108,
        8.269691580521247
      ],
      "is_bone": true,
      "index": 311
    },
    "ball_l": {
      "parent": "foot_l",
      "translation": [
        17.310006582425572,
        -14.055061391653322,
        1.0317101674774731
      ],
      "is_bone": true,
      "index": 312
    },
    "thigh_r": {
      "parent": "pelvis",
      "translation": [
        -11.037050477786213,
        -2.710075211652616,
        91.81044153569496
      ],
      "is_bone": true,
      "index": 276
    },
    "calf_r": {
      "parent": "thigh_r",
      "translation": [
        -13.034810423001716,
        -1.8277511958716208,
        49.11204132721699
      ],
      "is_bone": true,
      "index": 277
    },
    "foot_r": {
      "parent": "calf_r",
      "translation": [
        -14.837645479292195,
        -0.2538624476833695,
        8.268252746838698
      ],
      "is_bone": true,
      "index": 278
    },
    "ball_r": {
      "parent": "foot_r",
      "translation": [
        -17.308196833617682,
        -14.052743007738165,
        1.0316211162990303
      ],
      "is_bone": true,
      "index": 279
    }
  },
  "drive_bones": {
    "root": {
      "parent": null,
      "translation": [
        0.0,
        0.0,
        0.0
      ],
      "is_bone": true,
      "index": 0
    },
    "pelvis": {
      "parent": "root",
      "translation": [
        -2.792581290123053e-05,
        -2.441410779953003,
        92.42095184326172
      ],
      "is_bone": true,
      "index": 1
    },
    "spine_01": {
      "parent": "pelvis",
      "translation": [
        -2.7902251123948088e-05,
        -2.4459170172384814,
        96.29172871446417
      ],
      "is_bone": true,
      "index": 2
    },
    "spine_02": {
      "parent": "spine_01",
      "translation": [
        -2.8033966086636796e-05,
        -3.962849958313959,
        102.86076215523822
      ],
      "is_bone": true,
      "index": 3
    },
    "spine_03": {
      "parent": "spine_02",
      "translation": [
        -2.8082876778219522e-05,
        -4.6947811833412745,
        110.21693284413666
      ],
      "is_bone": true,
      "index": 4
    },
    "spine_04": {
      "parent": "spine_03",
      "translation": [
        -2.795086009274104e-05,
        -4.056318720549755,
        119.76892982710525
      ],
      "is_bone": true,
      "index": 5
    },
    "spine_05": {
      "parent": "spine_04",
      "translation": [
        -2.7540843592830764e-05,
        -1.2438429063794239,
        132.60698009689307
      ],
      "is_bone": true,
      "index": 6
    },
    "neck_01": {
      "parent": "spine_05",
      "translation": [
        -2.7256979996735537e-05,
        1.2172849821123917,
        148.53572247384122
      ],
      "is_bone": true,
      "index": 7
    },
    "neck_02": {
      "parent": "neck_01",
      "translation": [
        -2.7364080003717146e-05,
        0.07531540970283213,
        153.75989966282984
      ],
      "is_bone": true,
      "index": 8
    },
    "head": {
      "parent": "neck_02",
      "translation": [
        -2.744899640802767e-05,
        -1.016621047248443,
        159.18128728273066
      ],
      "is_bone": true,
      "index": 9
    },
    "clavicle_l": {
      "parent": "spine_05",
      "translation": [
        1.1366301363194875,
        1.5579226915092104,
        142.3727548413099
      ],
      "is_bone": true,
      "index": 10
    },
    "upperarm_l": {
      "parent": "clavicle_l",
      "translation": [
        16.585352858960114,
        1.9066540803128667,
        140.2231153820171
      ],
      "is_bone": true,
      "index": 11
    },
    "lowerarm_l": {
      "parent": "upperarm_l",
      "translation": [
        33.411468811939656,
        1.1585345287750655,
        118.17731885576454
      ],
      "is_bone": true,
      "index": 17
    },
    "hand_l": {
      "parent": "lowerarm_l",
      "translation": [
        46.508462907919686,
        -14.879995866837257,
        102.48497771860742
      ],
      "is_bone": true,
      "index": 18
    },
    "clavicle_r": {
      "parent": "spine_05",
      "translation": [
        -1.1366844581728535,
        1.5579234881641213,
        142.37283931173332
      ],
      "is_bone": true,
      "index": 141
    },
    "upperarm_r": {
      "parent": "clavicle_r",
      "translation": [
        -16.585417644699085,
        1.906656381014635,
        140.22320550677472
      ],
      "is_bone": true,
      "index": 142
    },
    "lowerarm_r": {
      "parent": "upperarm_r",
      "translation": [
        -33.411468436987484,
        1.1585423723755817,
        118.17753188038385
      ],
      "is_bone": true,
      "index": 148
    },
    "hand_r": {
      "parent": "lowerarm_r",
      "translation": [
        -46.507146566795484,
        -14.87842748800858,
        102.48687431926344
      ],
      "is_bone": true,
      "index": 149
    },
    "thigh_l": {
      "parent": "pelvis",
      "translation": [
        11.036996610837312,
        -2.710077277778696,
        91.81044146163472
      ],
      "is_bone": true,
      "index": 309
    },
    "calf_l": {
      "parent": "thigh_l",
      "translation": [
        13.034740804503024,
        -1.8277645882067342,
        49.1122771025273
      ],
      "is_bone": true,
      "index": 310
    },
    "foot_l": {
      "parent": "calf_l",
      "translation": [
        14.837518534734713,
        -0.2539257463195108,
        8.269691580521247
      ],
      "is_bone": true,
      "index": 311
    },
    "ball_l": {
      "parent": "foot_l",
      "translation": [
        17.310006582425572,
        -14.055061391653322,
        1.0317101674774731
      ],
      "is_bone": true,
      "index": 312
    },
    "thigh_r": {
      "parent": "pelvis",
      "translation": [
        -11.037050477786213,
        -2.710075211652616,
        91.81044153569496
      ],
      "is_bone": true,
      "index": 276
    },
    "calf_r": {
      "parent": "thigh_r",
      "translation": [
        -13.034810423001716,
        -1.8277511958716208,
        49.11204132721699
      ],
      "is_bone": true,
      "index": 277
    },
    "foot_r": {
      "parent": "calf_r",
      "translation": [
        -14.837645479292195,
        -0.2538624476833695,
        8.268252746838698
      ],
      "is_bone": true,
      "index": 278
    },
    "ball_r": {
      "parent": "foot_r",
      "translation": [
        -17.308196833617682,
        -14.052743007738165,
        1.0316211162990303
      ],
      "is_bone": true,
      "index": 279
    }
  },
  "drive_order": [
    "root",
    "pelvis",
    "spine_01",
    "spine_02",
    "spine_03",
    "spine_04",
    "spine_05",
    "neck_01",
    "neck_02",
    "head",
    "clavicle_l",
    "upperarm_l",
    "lowerarm_l",
    "hand_l",
    "clavicle_r",
    "upperarm_r",
    "lowerarm_r",
    "hand_r",
    "thigh_l",
    "calf_l",
    "foot_l",
    "ball_l",
    "thigh_r",
    "calf_r",
    "foot_r",
    "ball_r"
  ],
  "drive_bind_world": {
    "root": [
      [
        1.0,
        0.0,
        0.0,
        0.0
      ],
      [
        0.0,
        1.0,
        0.0,
        0.0
      ],
      [
        0.0,
        0.0,
        1.0,
        0.0
      ],
      [
        0.0,
        0.0,
        0.0,
        1.0
      ]
    ],
    "pelvis": [
      [
        0.0,
        -1.3315805443003814e-07,
        -0.999999999999991,
        -2.792581290123053e-05
      ],
      [
        -0.035821971039593795,
        0.9993581872335968,
        -1.3307259188327647e-07,
        -2.441410779953003
      ],
      [
        0.9993581872336056,
        0.035821971039593475,
        -4.769983963370805e-09,
        92.42095184326172
      ],
      [
        0.0,
        0.0,
        0.0,
        1.0
      ]
    ],
    "spine_01": [
      [
        3.8399911634831526e-06,
        -1.3073365457296157e-07,
        -0.9999999999926186,
        -2.7902251123948088e-05
      ],
      [
        -0.22500146005950553,
        0.9743584263350463,
        -9.913850563378867e-07,
        -2.4459170172384814
      ],
      [
        0.9743584263279839,
        0.22500146006165161,
        3.7121124840402078e-06,
        96.29172871446417
      ],
      [
        0.0,
        0.0,
        0.0,
        1.0
      ]
    ],
    "spine_02": [
      [
        3.792029804541203e-06,
        -6.189792718947405e-07,
        -0.9999999999926186,
        -2.8033966086636796e-05
      ],
      [
        -0.09900960130285191,
        0.9950864780755828,
        -9.913852627475198e-07,
        -3.962849958313959
      ],
      [
        0.9950864780688514,
        0.09900960130588045,
        3.71211269203963e-06,
        102.86076215523822
      ],
      [
        0.0,
        0.0,
        0.0,
        1.0
      ]
    ],
    "spine_03": [
      [
        9.93836905264891e-06,
        -1.2367474230796757e-06,
        -0.9999999999498496,
        -2.8082876778219522e-05
      ],
      [
        0.06669231563845007,
        0.9977735890644005,
        -5.711810693228564e-07,
        -4.6947811833412745
      ],
      [
        0.9977735890150681,
        -0.06669231562942883,
        9.998723708619249e-06,
        110.21693284413666
      ],
      [
        0.0,
        0.0,
        0.0,
        1.0
      ]
    ],
    "spine_04": [
      [
        9.644853504169482e-06,
        -2.6976820046023615e-06,
        -0.9999999999498496,
        -2.795086009274104e-05
      ],
      [
        0.21400065438792804,
        0.9768335169931529,
        -5.71181238938059e-07,
        -4.056318720549755
      ],
      [
        0.9768335169457051,
        -0.2140006543716869,
        9.998721883683164e-06,
        119.76892982710525
      ],
      [
        0.0,
        0.0,
        0.0,
        1.0
      ]
    ],
    "spine_05": [
      [
        9.713558143677699e-06,
        -2.4387446574830685e-06,
        -0.9999999999498496,
        -2.7540843592830764e-05
      ],
      [
        0.1877965934739768,
        0.9822079410589407,
        -5.711812389220244e-07,
        -1.2438429063794239
      ],
      [
        0.9822079410110756,
        -0.18779659345901054,
        9.998721883692271e-06,
        132.60698009689307
      ],
      [
        0.0,
        0.0,
        0.0,
        1.0
      ]
    ],
    "neck_01": [
      [
        9.890054125512615e-06,
        1.577186326648396e-06,
        -0.9999999999498496,
        -2.7256979996735537e-05
      ],
      [
        -0.21354650083348112,
        0.9769329004498977,
        -5.711812389355818e-07,
        1.2172849821123917
      ],
      [
        0.9769329004000032,
        0.2135465008284207,
        9.998721883667805e-06,
        148.53572247384122
      ],
      [
        0.0,
        0.0,
        0.0,
        1.0
      ]
    ],
    "neck_02": [
      [
        9.913719723425788e-06,
        1.4208558029412323e-06,
        -0.9999999999498496,
        -2.7364080003717146e-05
      ],
      [
        -0.1980970555550392,
        0.9801824098503795,
        -5.711808218528991e-07,
        0.07531540970283213
      ],
      [
        0.9801824098004114,
        0.19809705555076706,
        9.998721040025789e-06,
        153.75989966282984
      ],
      [
        0.0,
        0.0,
        0.0,
        1.0
      ]
    ],
    "head": [
      [
        9.99871825394309e-06,
        -5.711817621076809e-07,
        -0.9999999999498496,
        -2.744899640802767e-05
      ],
      [
        1.0091584634452509e-07,
        0.9999999999998318,
        -5.711807530996355e-07,
        -1.016621047248443
      ],
      [
        0.9999999999500075,
        -1.0091013527626557e-07,
        9.998718311588812e-06,
        159.18128728273066
      ],
      [
        0.0,
        0.0,
        0.0,
        1.0
      ]
    ],
    "clavicle_l": [
      [
        0.9912686185150537,
        -0.022574590566975656,
        0.1299111766092147,
        1.1366301363194875
      ],
      [
        0.02238310229718137,
        0.9997451614588118,
        0.002934087805132511,
        1.5579226915092104
      ],
      [
        -0.12994430606537213,
        -6.540096043527875e-07,
        0.9915212944363632,
        142.3727548413099
      ],
      [
        0.0,
        0.0,
        0.0,
        1.0
      ]
    ],
    "upperarm_l": [
      [
        0.6064919141176679,
        -0.029308316341442688,
        0.7945492940674715,
        16.585352858960114
      ],
      [
        -0.026965770984048915,
        0.9979872550623006,
        0.05739587030832581,
        1.9066540803128667
      ],
      [
        -0.7946322453217737,
        -0.05623576554510714,
        0.6044808792413805,
        140.2231153820171
      ],
      [
        0.0,
        0.0,
        0.0,
        1.0
      ]
    ],
    "lowerarm_l": [
      [
        0.5040987840862464,
        0.3384899602691333,
        0.7945495344405964,
        33.411468811939656
      ],
      [
        -0.6173172704852417,
        0.7846178276219505,
        0.0573955759485158,
        1.1585345287750655
      ],
      [
        -0.6039899034283761,
        -0.5194221899137653,
        0.6044805912366166,
        118.17731885576454
      ],
      [
        0.0,
        0.0,
        0.0,
        1.0
      ]
    ],
    "hand_l": [
      [
        0.5040987840862463,
        -0.7945496245858975,
        0.33848974866778053,
        46.508462907919686
      ],
      [
        -0.6173172704852417,
        -0.05739578490488092,
        0.7846178123365561,
        -14.879995866837257
      ],
      [
        -0.6039899034283761,
        -0.6044804529060983,
        -0.5194223508966661,
        102.48497771860742
      ],
      [
        0.0,
        0.0,
        0.0,
        1.0
      ]
    ],
    "clavicle_r": [
      [
        0.9912650443386054,
        -0.02256075667598748,
        0.12994084858345586,
        -1.1366844581728535
      ],
      [
        -0.02236940853185567,
        -0.9997454737372746,
        -0.0029321159196790017,
        1.5579234881641213
      ],
      [
        0.12997392597870078,
        -1.9590981277382396e-07,
        -0.991517412134373,
        142.37283931173332
      ],
      [
        0.0,
        0.0,
        0.0,
        1.0
      ]
    ],
    "upperarm_r": [
      [
        0.606492147672695,
        -0.02930707893323787,
        0.7945491614341822,
        -16.585417644699085
      ],
      [
        0.02696631943905794,
        -0.9979873044403149,
        -0.05739475404480852,
        1.906656381014635
      ],
      [
        0.794632048452158,
        0.05623553414305182,
        -0.6044811595677507,
        140.22320550677472
      ],
      [
        0.0,
        0.0,
        0.0,
        1.0
      ]
    ],
    "lowerarm_r": [
      [
        0.5040987019021216,
        0.33849133710255297,
        0.7945490000290234,
        -33.411468436987484
      ],
      [
        0.6173175036743035,
        -0.7846177316452141,
        -0.057394379909921266,
        1.1585423723755817
      ],
      [
        0.6039897336858652,
        0.5194214376538998,
        -0.6044814072472645,
        118.17753188038385
      ],
      [
        0.0,
        0.0,
        0.0,
        1.0
      ]
    ],
    "hand_r": [
      [
        0.5040987019021217,
        -0.7945490451018643,
        0.33849123130195063,
        -46.507146566795484
      ],
      [
        0.6173175036743034,
        0.05739448438809172,
        -0.7846177240026831,
        -14.87842748800858
      ],
      [
        0.6039897336858652,
        0.604481338082111,
        0.5194215181454634,
        102.48687431926344
      ],
      [
        0.0,
        0.0,
        0.0,
        1.0
      ]
    ],
    "thigh_l": [
      [
        -0.046726539684163175,
        -0.14721904042040415,
        -0.9879995873616747,
        11.036996610837312
      ],
      [
        -0.02063798048386717,
        0.9890110999601905,
        -0.14639370859801817,
        -2.710077277778696
      ],
      [
        0.9986944999601689,
        0.013549844767721938,
        -0.04925137009341765,
        91.81044146163472
      ],
      [
        0.0,
        0.0,
        0.0,
        1.0
      ]
    ],
    "calf_l": [
      [
        -0.0440643164052183,
        -0.1480376688309468,
        -0.9879995873616747,
        13.034740804503024
      ],
      [
        -0.03846828806675571,
        0.9884781600501508,
        -0.14639370859801815,
        -1.8277645882067342
      ],
      [
        0.9982877975979442,
        0.03155591404106828,
        -0.049251370093417686,
        49.1122771025273
      ],
      [
        0.0,
        0.0,
        0.0,
        1.0
      ]
    ],
    "foot_l": [
      [
        0.004649536118069564,
        -0.14803766883094677,
        -0.9889707935126222,
        14.837518534734713
      ],
      [
        -0.031211506304195932,
        0.9884781600501508,
        -0.14811066463321093,
        -0.2539257463195108
      ],
      [
        0.9995019878359973,
        0.031555914041068264,
        -2.451372689941944e-05,
        8.269691580521247
      ],
      [
        0.0,
        0.0,
        0.0,
        1.0
      ]
    ],
    "ball_l": [
      [
        0.1480376688309468,
        0.004649536118069529,
        -0.9889707935126222,
        17.310006582425572
      ],
      [
        -0.9884781600501508,
        -0.03121150630419616,
        -0.14811066463321096,
        -14.055061391653322
      ],
      [
        -0.031555914041068486,
        0.9995019878359973,
        -2.451372689948934e-05,
        1.0317101674774731
      ],
      [
        0.0,
        0.0,
        0.0,
        1.0
      ]
    ],
    "thigh_r": [
      [
        -0.046726610468955564,
        -0.1472187765547797,
        -0.9879996233318088,
        -11.037050477786213
      ],
      [
        0.020638091609267866,
        -0.9890111376922015,
        0.14639343802064708,
        -2.710075211652616
      ],
      [
        -0.9986944943519066,
        -0.01354995758264205,
        0.04925145277754396,
        91.81044153569496
      ],
      [
        0.0,
        0.0,
        0.0,
        1.0
      ]
    ],
    "calf_r": [
      [
        -0.04406439193647745,
        -0.1480374062846014,
        -0.9879996233318088,
        -13.034810423001716
      ],
      [
        0.038468399854465464,
        -0.9884781957722346,
        0.14639343802064708,
        -1.8277511958716208
      ],
      [
        -0.9982877899563362,
        -0.031556026736519076,
        0.04925145277754385,
        49.11204132721699
      ],
      [
        0.0,
        0.0,
        0.0,
        1.0
      ]
    ],
    "foot_r": [
      [
        0.004649466117269449,
        -0.14803742103548834,
        -0.9889708309338479,
        -14.837645479292195
      ],
      [
        0.031211627674320265,
        -0.9884781936596888,
        0.14811041474926248,
        -0.2538624476833695
      ],
      [
        -0.9995019843715891,
        -0.031556023710861816,
        2.4592998145812894e-05,
        8.268252746838698
      ],
      [
        0.0,
        0.0,
        0.0,
        1.0
      ]
    ],
    "ball_r": [
      [
        0.14803742103548845,
        0.004649466117269184,
        -0.9889708309338479,
        -17.308196833617682
      ],
      [
        0.988478193659689,
        0.031211627674320088,
        0.14811041474926256,
        -14.052743007738165
      ],
      [
        0.0315560237108616,
        -0.9995019843715893,
        2.4592998146050768e-05,
        1.0316211162990303
      ],
      [
        0.0,
        0.0,
        0.0,
        1.0
      ]
    ]
  },
  "all_bone_names": [
    "root",
    "pelvis",
    "spine_01",
    "spine_02",
    "spine_03",
    "spine_04",
    "spine_05",
    "neck_01",
    "neck_02",
    "head",
    "clavicle_l",
    "upperarm_l",
    "upperarm_correctiveRoot_l",
    "upperarm_bck_l",
    "upperarm_fwd_l",
    "upperarm_in_l",
    "upperarm_out_l",
    "lowerarm_l",
    "hand_l",
    "pinky_metacarpal_l",
    "pinky_01_l",
    "pinky_02_l",
    "pinky_03_l",
    "pinky_03_bulge_l",
    "pinky_03_half_l",
    "pinky_03_in_l",
    "pinky_02_dip_l",
    "pinky_02_bulge_l",
    "pinky_02_side_out_l",
    "pinky_02_side_inn_l",
    "pinky_02_half_l",
    "pinky_02_in_l",
    "pinky_02_pip_l",
    "pinky_01_palmMid_l",
    "pinky_01_bulge_l",
    "pinky_01_side_out_l",
    "pinky_01_side_inn_l",
    "pinky_01_half_l",
    "pinky_01_mcp_l",
    "pinky_01_palm_l",
    "pinky_metacarpal_slide_l",
    "ring_metacarpal_l",
    "ring_01_l",
    "ring_02_l",
    "ring_03_l",
    "ring_03_bulge_l",
    "ring_03_half_l",
    "ring_02_dip_l",
    "ring_03_in_l",
    "ring_02_bulge_l",
    "ring_02_side_out_l",
    "ring_02_side_inn_l",
    "ring_02_half_l",
    "ring_02_in_l",
    "ring_02_pip_l",
    "ring_01_palmMid_l",
    "ring_01_bulge_l",
    "ring_01_side_out_l",
    "ring_01_side_inn_l",
    "ring_01_half_l",
    "ring_01_mcp_l",
    "ring_01_palm_l",
    "ring_metacarpal_slide_l",
    "thumb_01_l",
    "thumb_02_l",
    "thumb_03_l",
    "thumb_03_bulge_l",
    "thumb_03_side_out_l",
    "thumb_03_side_inn_l",
    "thumb_03_half_l",
    "thumb_03_pip_l",
    "thumb_03_in_l",
    "thumb_02_bulge_l",
    "thumb_02_side_out_l",
    "thumb_02_side_inn_l",
    "thumb_02_half_l",
    "thumb_02_in_l",
    "thumb_02_mcp_l",
    "thumb_01_side_out_l",
    "thumb_01_side_inn_l",
    "middle_metacarpal_l",
    "middle_01_l",
    "middle_02_l",
    "middle_03_l",
    "middle_03_bulge_l",
    "middle_03_half_l",
    "middle_03_in_l",
    "middle_02_dip_l",
    "middle_02_bulge_l",
    "middle_02_side_out_l",
    "middle_02_side_inn_l",
    "middle_02_half_l",
    "middle_02_pip_l",
    "middle_02_in_l",
    "middle_01_palmMid_l",
    "middle_01_bulge_l",
    "middle_01_side_out_l",
    "middle_01_side_inn_l",
    "middle_01_half_l",
    "middle_01_mcp_l",
    "middle_01_palm_l",
    "middle_metacarpal_slide_l",
    "index_metacarpal_l",
    "index_01_l",
    "index_02_l",
    "index_03_l",
    "index_03_bulge_l",
    "index_03_half_l",
    "index_02_dip_l",
    "index_03_in_l",
    "index_02_bulge_l",
    "index_02_side_out_l",
    "index_02_side_inn_l",
    "index_02_half_l",
    "index_02_in_l",
    "index_02_pip_l",
    "index_01_palmMid_l",
    "index_01_bulge_l",
    "index_01_side_out_l",
    "index_01_side_inn_l",
    "index_01_half_l",
    "index_01_mcp_l",
    "index_01_palm_l",
    "index_metacarpal_slide_l",
    "wrist_inner_l",
    "wrist_outer_l",
    "lowerarm_twist_02_l",
    "lowerarm_twist_01_l",
    "lowerarm_correctiveRoot_l",
    "lowerarm_in_l",
    "lowerarm_out_l",
    "lowerarm_fwd_l",
    "lowerarm_bck_l",
    "upperarm_twist_01_l",
    "upperarm_twistCor_01_l",
    "upperarm_twist_02_l",
    "upperarm_tricep_l",
    "upperarm_bicep_l",
    "upperarm_twistCor_02_l",
    "clavicle_out_l",
    "clavicle_scap_l",
    "clavicle_r",
    "upperarm_r",
    "upperarm_correctiveRoot_r",
    "upperarm_bck_r",
    "upperarm_in_r",
    "upperarm_fwd_r",
    "upperarm_out_r",
    "lowerarm_r",
    "hand_r",
    "pinky_metacarpal_r",
    "pinky_01_r",
    "pinky_02_r",
    "pinky_03_r",
    "pinky_03_bulge_r",
    "pinky_03_half_r",
    "pinky_03_in_r",
    "pinky_02_dip_r",
    "pinky_02_bulge_r",
    "pinky_02_side_out_r",
    "pinky_02_side_inn_r",
    "pinky_02_half_r",
    "pinky_02_in_r",
    "pinky_02_pip_r",
    "pinky_01_palmMid_r",
    "pinky_01_bulge_r",
    "pinky_01_side_out_r",
    "pinky_01_side_inn_r",
    "pinky_01_half_r",
    "pinky_01_mcp_r",
    "pinky_01_palm_r",
    "pinky_metacarpal_slide_r",
    "ring_metacarpal_r",
    "ring_01_r",
    "ring_02_r",
    "ring_03_r",
    "ring_03_bulge_r",
    "ring_03_half_r",
    "ring_02_dip_r",
    "ring_03_in_r",
    "ring_02_bulge_r",
    "ring_02_side_out_r",
    "ring_02_side_inn_r",
    "ring_02_half_r",
    "ring_02_in_r",
    "ring_02_pip_r",
    "ring_01_palmMid_r",
    "ring_01_bulge_r",
    "ring_01_side_out_r",
    "ring_01_side_inn_r",
    "ring_01_half_r",
    "ring_01_mcp_r",
    "ring_01_palm_r",
    "ring_metacarpal_slide_r",
    "thumb_01_r",
    "thumb_02_r",
    "thumb_03_r",
    "thumb_03_bulge_r",
    "thumb_03_side_out_r",
    "thumb_03_side_inn_r",
    "thumb_03_half_r",
    "thumb_03_pip_r",
    "thumb_03_in_r",
    "thumb_02_bulge_r",
    "thumb_02_side_out_r",
    "thumb_02_side_inn_r",
    "thumb_02_half_r",
    "thumb_02_in_r",
    "thumb_02_mcp_r",
    "thumb_01_side_out_r",
    "thumb_01_side_inn_r",
    "middle_metacarpal_r",
    "middle_01_r",
    "middle_02_r",
    "middle_03_r",
    "middle_03_bulge_r",
    "middle_03_half_r",
    "middle_03_in_r",
    "middle_02_dip_r",
    "middle_02_bulge_r",
    "middle_02_side_out_r",
    "middle_02_side_inn_r",
    "middle_02_half_r",
    "middle_02_pip_r",
    "middle_02_in_r",
    "middle_01_palmMid_r",
    "middle_01_bulge_r",
    "middle_01_side_out_r",
    "middle_01_side_inn_r",
    "middle_01_half_r",
    "middle_01_mcp_r",
    "middle_01_palm_r",
    "middle_metacarpal_slide_r",
    "index_metacarpal_r",
    "index_01_r",
    "index_02_r",
    "index_03_r",
    "index_03_bulge_r",
    "index_03_half_r",
    "index_02_dip_r",
    "index_03_in_r",
    "index_02_bulge_r",
    "index_02_side_out_r",
    "index_02_side_inn_r",
    "index_02_half_r",
    "index_02_in_r",
    "index_02_pip_r",
    "index_01_palmMid_r",
    "index_01_bulge_r",
    "index_01_side_out_r",
    "index_01_side_inn_r",
    "index_01_half_r",
    "index_01_mcp_r",
    "index_01_palm_r",
    "index_metacarpal_slide_r",
    "wrist_inner_r",
    "wrist_outer_r",
    "lowerarm_twist_02_r",
    "lowerarm_twist_01_r",
    "lowerarm_correctiveRoot_r",
    "lowerarm_out_r",
    "lowerarm_in_r",
    "lowerarm_fwd_r",
    "lowerarm_bck_r",
    "upperarm_twist_01_r",
    "upperarm_twistCor_01_r",
    "upperarm_twist_02_r",
    "upperarm_tricep_r",
    "upperarm_bicep_r",
    "upperarm_twistCor_02_r",
    "clavicle_out_r",
    "clavicle_scap_r",
    "clavicle_pec_r",
    "spine_04_latissimus_l",
    "spine_04_latissimus_r",
    "clavicle_pec_l",
    "thigh_r",
    "calf_r",
    "foot_r",
    "ball_r",
    "littletoe_01_r",
    "littletoe_02_r",
    "ringtoe_01_r",
    "ringtoe_02_r",
    "middletoe_01_r",
    "middletoe_02_r",
    "bigtoe_01_r",
    "bigtoe_02_r",
    "indextoe_01_r",
    "indextoe_02_r",
    "ankle_bck_r",
    "ankle_fwd_r",
    "calf_twist_02_r",
    "calf_twistCor_02_r",
    "calf_twist_01_r",
    "calf_correctiveRoot_r",
    "calf_kneeBack_r",
    "calf_knee_r",
    "thigh_twist_01_r",
    "thigh_twistCor_01_r",
    "thigh_twist_02_r",
    "thigh_twistCor_02_r",
    "thigh_correctiveRoot_r",
    "thigh_fwd_r",
    "thigh_bck_r",
    "thigh_out_r",
    "thigh_in_r",
    "thigh_bck_lwr_r",
    "thigh_fwd_lwr_r",
    "thigh_l",
    "calf_l",
    "foot_l",
    "ball_l",
    "indextoe_01_l",
    "indextoe_02_l",
    "bigtoe_01_l",
    "bigtoe_02_l",
    "littletoe_01_l",
    "littletoe_02_l",
    "middletoe_01_l",
    "middletoe_02_l",
    "ringtoe_01_l",
    "ringtoe_02_l",
    "ankle_bck_l",
    "ankle_fwd_l",
    "calf_twist_02_l",
    "calf_twistCor_02_l",
    "calf_twist_01_l",
    "calf_correctiveRoot_l",
    "calf_kneeBack_l",
    "calf_knee_l",
    "thigh_twist_01_l",
    "thigh_twistCor_01_l",
    "thigh_twist_02_l",
    "thigh_twistCor_02_l",
    "thigh_correctiveRoot_l",
    "thigh_bck_l",
    "thigh_fwd_l",
    "thigh_out_l",
    "thigh_bck_lwr_l",
    "thigh_in_l",
    "thigh_fwd_lwr_l"
  ]
}